# Created by Octave 3.8.1, Tue Jun 06 04:42:10 2017 CEST <wohlrath@yumyumpc>
# name: s
# type: matrix
# rows: 2000
# columns: 3
 0.001 10000 10000
 0.002 9987.951205937114 9976.804120084575
 0.003 9979.777946121329 9961.39982497942
 0.004 9969.244368454809 9941.300627293085
 0.005 9959.498780154518 9922.770841401873
 0.006 9949.412651820017 9903.5288635707
 0.007 9939.951625705415 9885.601937835712
 0.008 9929.389057216113 9865.489648923794
 0.009000000000000001 9918.412733859977 9844.552709324189
 0.01 9907.051832186298 9822.971925196896
 0.011 9896.006081264093 9801.941711911913
 0.012 9885.437105167315 9781.907525908669
 0.013 9875.31902158073 9762.747738124575
 0.014 9865.994046997541 9745.224325900108
 0.015 9856.329026242729 9727.078900380056
 0.016 9844.085461716848 9703.85484989348
 0.017 9834.438041251076 9685.843927139251
 0.018 9825.326256328601 9668.795417383875
 0.019 9813.746275014439 9646.994095371399
 0.02 9803.967356702771 9628.592827392966
 0.021 9794.267991872501 9610.370219133001
 0.022 9783.039943605325 9589.337352600365
 0.023 9773.158634637697 9570.901427631703
 0.024 9762.70988966561 9551.474845457413
 0.025 9753.162545329082 9533.572417326579
 0.026 9742.041451620935 9512.669595654264
 0.027 9731.503356077135 9493.104783231667
 0.028 9723.209507798121 9477.861877743899
 0.029 9712.324704589593 9457.603068448399
 0.03 9703.315087283701 9441.178172077103
 0.031 9693.538289674663 9422.952320711704
 0.032 9683.85317678436 9405.033932111253
 0.033 9674.495583399223 9387.893073167625
 0.034 9663.856387958469 9367.987192867757
 0.035 9654.866272411526 9351.406995073721
 0.036 9645.224987909518 9333.326357346106
 0.037 9632.662831658437 9309.923019456601
 0.038 9621.828769767822 9289.943222717124
 0.039 9612.147338018118 9272.090737675713
 0.04 9601.999689994449 9253.33235928626
 0.041 9593.080617404043 9237.072113863493
 0.042 9584.713462053534 9221.721941548263
 0.043 9574.001135756034 9202.003418312654
 0.044 9564.364061494203 9184.197402006903
 0.045 9553.321680664882 9164.010167133814
 0.046 9543.485370827 9146.008288409806
 0.047 9534.749765913284 9130.151005421751
 0.048 9525.223557635527 9112.571216132996
 0.049 9514.144899729874 9092.444309671668
 0.05 9504.117805266604 9074.351421252795
 0.051 9493.870124071665 9055.621891615365
 0.052 9484.444848277688 9038.519053041757
 0.053 9473.463783475898 9018.519957038907
 0.054 9465.657314059399 9004.650987800973
 0.055 9456.336944687042 8987.889803832362
 0.056 9447.044690845905 8971.356082391158
 0.057 9435.251489810784 8949.827824226051
 0.058 9425.151871226437 8931.708020841639
 0.059 9415.491664639552 8914.259238240207
 0.06 9407.612933996626 8900.066360401728
 0.061 9399.285437303477 8885.154098912206
 0.062 9391.279434956663 8871.023927606759
 0.063 9380.82309916641 8852.115679361386
 0.064 9371.199298231932 8834.846429884476
 0.065 9361.688292872366 8817.669583986686
 0.066 9353.469798586226 8802.92791147296
 0.067 9343.913611860677 8785.725315073234
 0.068 9335.425879508111 8770.601321985956
 0.06900000000000001 9325.834514689925 8753.790704334315
 0.07000000000000001 9315.592245790776 8735.246097564519
 0.07100000000000001 9306.482336118117 8719.193436400108
 0.07200000000000001 9297.173179525897 8702.573230263586
 0.073 9288.644996886671 8687.508535157736
 0.074 9279.004676087656 8670.626649440175
 0.075 9268.808477274466 8652.569029177346
 0.076 9260.643417283118 8638.451891896015
 0.077 9250.758069672163 8620.762937298117
 0.078 9240.70941514229 8602.793614926113
 0.079 9229.083676380946 8582.293072134624
 0.08 9219.845467906685 8566.225918115002
 0.081 9210.493463335544 8549.810234790395
 0.082 9200.469678971438 8532.360604888176
 0.083 9190.093110252259 8514.203513701659
 0.08400000000000001 9181.337323682292 8498.681237877758
 0.08500000000000001 9172.833906068803 8483.581483283273
 0.08600000000000001 9162.905840298517 8465.861240784412
 0.08700000000000001 9153.442987530883 8449.408915549126
 0.08799999999999999 9144.054514959706 8433.031698656789
 0.089 9134.917103298045 8416.982859313128
 0.09 9125.461276802494 8400.304233737605
 0.091 9115.852829433616 8383.252041516855
 0.092 9108.112034189269 8370.007998463268
 0.093 9099.622399137786 8355.00087552291
 0.094 9091.714546146241 8341.179475298643
 0.095 9082.765377083155 8325.310355997326
 0.096 9073.201043052508 8308.278116976009
 0.097 9065.626655908321 8295.091286028721
 0.098 9057.770248377028 8281.681145483115
 0.099 9049.091467919949 8266.809251383218
 0.1 9040.105536274878 8251.248796061051
 0.101 9029.992341004288 8233.629762949398
 0.102 9020.603096972278 8217.199645902076
 0.103 9010.80403298857 8200.164648507383
 0.104 9000.45834192726 8182.097984165924
 0.105 8990.601606516908 8165.073179175604
 0.106 8981.866112499731 8150.013858243641
 0.107 8973.27078133276 8135.451691040069
 0.108 8963.872921219547 8119.25714348336
 0.109 8954.581901074745 8102.951453692033
 0.11 8944.214917768806 8084.867064765822
 0.111 8935.766590279698 8070.735024387602
 0.112 8925.991211238847 8054.081105824144
 0.113 8917.862336039461 8040.603378363885
 0.114 8909.273105470096 8025.892609593419
 0.115 8898.75046494438 8007.653240540488
 0.116 8889.692567445873 7992.373959653439
 0.117 8880.637091232837 7976.951719534881
 0.118 8871.156540503453 7960.740456294845
 0.119 8861.298042154174 7944.402456744541
 0.12 8851.646116423914 7927.87654200522
 0.121 8841.865622135785 7911.486539749513
 0.122 8833.673535882079 7897.660742477767
 0.123 8824.646290079882 7882.743524225129
 0.124 8817.741413345806 7870.951878849464
 0.125 8810.121703694695 7858.356297853989
 0.126 8801.351405624171 7843.649203836036
 0.127 8791.695802413495 7827.264891850297
 0.128 8783.609029973619 7813.663805108747
 0.129 8776.254025348306 7801.494920734128
 0.13 8767.542230622465 7786.717400828463
 0.131 8760.191254244202 7774.326656180942
 0.132 8750.523459837927 7758.139087941141
 0.133 8740.431322328366 7741.191106370959
 0.134 8731.550568506889 7726.434955013605
 0.135 8723.516500911399 7713.453540727328
 0.136 8713.820565471335 7697.359395552905
 0.137 8703.182689917927 7679.376265419284
 0.138 8695.934858018491 7667.385675835334
 0.139 8686.968578864726 7652.23402465585
 0.14 8677.847419931328 7637.17890000914
 0.141 8670.282765510117 7624.842910849862
 0.142 8662.372359732943 7611.349732057097
 0.143 8655.089395155801 7599.1465793948
 0.144 8645.2283346574 7582.710588337364
 0.145 8636.181235070271 7567.429464189068
 0.146 8627.716460131835 7553.556143447817
 0.147 8619.769975854995 7540.581224557453
 0.148 8611.84568322433 7527.60313517515
 0.149 8603.663385344404 7513.902853713224
 0.15 8594.945804797888 7499.610907489877
 0.151 8586.766656315445 7486.224220299758
 0.152 8578.36031830966 7472.515114456784
 0.153 8569.99255587808 7458.887684575828
 0.154 8560.783016740314 7443.343097624712
 0.155 8551.956283429559 7428.660241204116
 0.156 8543.101991073589 7414.369944590107
 0.157 8534.136812792844 7399.998924095229
 0.158 8526.708202932678 7388.180732817683
 0.159 8518.758334269995 7375.331621531024
 0.16 8510.909380968011 7362.60319193392
 0.161 8500.897855519486 7346.01172921405
 0.162 8491.286597791786 7330.360088886578
 0.163 8481.281627376477 7313.621038956288
 0.164 8473.969969749123 7302.100486640304
 0.165 8463.842268260076 7285.553072520909
 0.166 8454.784183889726 7271.299133496909
 0.167 8445.505786699221 7256.163594764669
 0.168 8438.109368966709 7244.045804569236
 0.169 8428.278168627992 7228.352704691137
 0.17 8419.623162956097 7214.635891768953
 0.171 8411.584147782538 7202.029701096035
 0.172 8405.042654705649 7191.73968992337
 0.173 8396.129821464177 7177.64906471606
 0.174 8387.60113801363 7164.186190217062
 0.175 8380.321598885834 7152.763567995787
 0.176 8372.125014011728 7140.151127455569
 0.177 8361.872800771545 7123.161099311682
 0.178 8353.920073263807 7110.661177616475
 0.179 8346.57580722115 7098.886471633174
 0.18 8337.762223356725 7084.622850569501
 0.181 8329.73003714985 7071.461856253886
