# Created by Octave 3.8.1, Tue Jun 06 02:44:33 2017 CEST <wohlrath@yumyumpc>
# name: s
# type: matrix
# rows: 1000
# columns: 3
 0.002 1000 1000
 0.004 997.9212975405027 996.0229433856391
 0.006 996.1121099523232 992.5824234527447
 0.008 993.7382628638957 988.0143351604935
 0.01 991.156003193932 983.077190655456
 0.012 989.1679426275791 979.3301160748304
 0.014 986.4911569083455 974.2463806939828
 0.016 984.4824163969743 970.5027808286885
 0.018 981.9881654092677 965.7410239043187
 0.02 979.913790912969 961.8278421261921
 0.022 977.8891300334974 957.9882734420344
 0.024 976.21574828659 954.9412129595411
 0.026 973.9079536122568 950.6535586211465
 0.028 971.613929514033 946.3427015255697
 0.03 969.4752907065318 942.3610292803646
 0.032 967.0009942822214 937.7665023366987
 0.034 964.9102950195189 933.910885855012
 0.036 962.750273733161 929.964782087938
 0.038 960.7563051810218 926.2851552784998
 0.04 959.4910944099698 924.0021175610874
 0.042 958.1878665368233 921.5822787791886
 0.044 956.4224144289731 918.3587668570378
 0.046 954.5980152886077 915.1267064652035
 0.048 953.6042033804616 913.4383433198261
 0.05 951.1632089604968 908.9524084679393
 0.052 949.4773604574656 905.9229856680869
 0.054 947.4612185167151 902.1748929046539
 0.056 946.2073173000292 899.967657185712
 0.058 944.3310804592602 896.5273206555702
 0.06 942.6764604506087 893.6861096172084
 0.062 940.0544846969475 888.9174550284257
 0.064 938.0499338382125 885.3527842219879
 0.066 936.326519067553 882.1685950384694
 0.068 934.269414581297 878.4274156789609
 0.07000000000000001 932.9637556822124 876.0338851982297
 0.07200000000000001 931.2344747633526 872.9940853175021
 0.074 929.1843330896229 869.3165358838268
 0.076 927.3196848145144 866.0072004151888
 0.078 924.6726515582592 861.1777957475261
 0.08 922.9565018088977 858.1605103683389
 0.082 920.6751480913075 854.0792438460679
 0.08400000000000001 919.2753365158975 851.6726919656661
 0.08600000000000001 917.368418325133 848.3472695293433
 0.08799999999999999 914.9831189137434 844.0398079306046
 0.09 913.664488687844 841.8015644961993
 0.092 911.7686240292338 838.4734783469114
 0.094 910.5446682108299 836.5676810109179
 0.096 908.7702208860273 833.4170496969396
 0.098 907.5670252282938 831.3577719278181
 0.1 905.6998251961228 828.1499782077857
 0.102 904.0300514267099 825.221481408659
 0.104 902.0527190654436 821.696967168869
 0.106 899.9729096120697 817.9659593297389
 0.108 897.7098359763031 814.1572381951677
 0.11 896.3458718022238 811.8029453839804
 0.112 895.0264629212969 809.4828124843616
 0.114 893.1019613475107 806.1360533204811
 0.116 891.5779850613001 803.5566656212173
 0.118 889.8709994617838 800.6662258999269
 0.12 888.3971570826136 798.1137133884314
 0.122 886.6921143623434 795.2157583305811
 0.124 884.9345896489533 792.1690030313937
 0.126 882.8759121665614 788.5355161927912
 0.128 881.3031171290748 785.9661738602952
 0.13 879.8178256911358 783.4645204634789
 0.132 878.2157476981452 780.6920110494463
 0.134 876.8080869061141 778.2972820823586
 0.136 875.0305209035146 775.458049975306
 0.138 871.8712581715475 770.1497838966205
 0.14 869.9482603773228 766.8867936079381
 0.142 868.344130126441 764.1955991711584
 0.144 865.9083212024561 760.1640980540216
 0.146 863.771208952163 756.5661290371863
 0.148 861.8444678581528 753.5182450549744
 0.15 860.7646081347129 751.6597959503451
 0.152 859.4297247155354 749.5136636352938
 0.154 857.4783836471221 746.2562912267958
 0.156 856.6186680738299 744.985285168736
 0.158 854.9282530396843 742.2870430683824
 0.16 852.9368862480967 738.9807062150298
 0.162 851.5809972231523 736.8081137990285
 0.164 849.8967824694389 734.1991785593194
 0.166 847.5826212286958 730.3955431620074
 0.168 845.4837856593916 726.905036711079
 0.17 843.5535915250413 723.7133552104061
 0.172 841.9505139729581 721.1536607444841
 0.174 840.2007803526704 718.3625992919738
 0.176 838.0517561939662 715.0115844353791
 0.178 836.0272794648148 711.7678438492703
 0.18 834.5644694354168 709.3887490332047
 0.182 833.4071491758964 707.6409488146223
 0.184 831.5310650598052 704.5652527006228
 0.186 829.6960930411935 701.6644496262841
 0.188 827.9897096018725 699.0392321961357
 0.19 825.8728487453928 695.7459135139328
 0.192 823.9402860577651 692.7599800738964
 0.194 822.3578799643535 690.4436435281915
 0.196 820.5272269255923 687.5380932922333
 0.198 818.7968200348132 684.828004730909
 0.2 816.7022203310877 681.5124848264506
 0.202 815.1731154200926 679.213451734502
 0.204 813.0468033158862 675.9483666933929
 0.206 811.61236285185 673.6674836565163
 0.208 810.1992735796699 671.6072653570445
 0.21 808.3074664267301 668.8471780210089
 0.212 806.849858049221 666.6711452452731
 0.214 804.8715555366592 663.6414680963728
 0.216 803.4140922037345 661.5285415035615
 0.218 801.8981539124336 659.1811408453111
 0.22 799.9517931972694 656.3007645246136
 0.222 799.1588364638735 655.2881816268989
 0.224 797.2754721192434 652.3922718771825
 0.226 795.8004513900513 650.4303629940326
 0.228 794.0236013917306 647.7358434175048
 0.23 792.1924950963851 644.9861712842411
 0.232 790.4358406768147 642.2888253926347
 0.234 789.5803441069423 640.8992078032505
 0.236 787.8683093469326 638.3907990487149
 0.238 786.6545848157591 636.4205344473642
 0.24 784.6277995263323 633.243274104945
 0.242 782.2109370536467 629.7443545524685
 0.244 781.1773592000629 628.4809105942031
 0.246 779.8906198775725 626.5625044129648
 0.248 778.7506783212148 624.8293128890333
 0.25 777.8762522130667 623.371845293189
 0.252 776.1142522949368 621.0163634372891
 0.254 774.4561234147183 618.5889235634431
 0.256 773.216179363175 616.7071114140974
 0.258 771.4733323821418 613.9425956035871
 0.26 769.4014817873789 610.6990718630763
 0.262 768.2854593747415 609.0842135245986
 0.264 766.5086610700939 606.6119572804459
 0.266 764.8087954701956 604.1392757433376
 0.268 763.3463713323362 601.8902612471039
 0.27 761.800931189206 599.592924206529
 0.272 760.2751284635411 597.3492571106633
 0.274 758.5678702651088 594.8880782127434
 0.276 755.9982030694467 591.091555462376
 0.278 754.0395735044904 588.4183166263946
 0.28 752.0410092612478 585.3793011178738
 0.282 750.7147265642899 583.4470916327281
 0.284 749.5319602373444 581.8918553355717
 0.286 747.6586882645046 579.2880416932635
 0.288 745.9761442103858 577.0804589149299
 0.29 745.0944622545497 576.1792485295674
 0.292 744.0997327131279 574.9123565555243
 0.294 741.746981977346 571.4638822449149
 0.296 740.1470130838397 569.1229077930254
 0.298 738.8678733549034 567.368170554364
 0.3 738.0200159126382 566.1547919745383
 0.302 737.0342220981295 564.882857192805
 0.304 735.7880311689875 563.0905257932062
 0.306 734.369308602837 561.0160413822092
 0.308 732.6507759490737 558.6890729402528
 0.31 731.1173045862713 556.5676000362628
 0.312 728.971056755518 553.3860484917394
 0.314 727.1876458319504 551.0696179351286
 0.316 724.5921220426064 547.50012504683
 0.318 722.9240206930358 545.0321893393913
 0.32 721.437852135947 542.8370353448784
 0.322 720.8323565072354 541.9432807768688
 0.324 719.3924160791577 540.0952475676627
 0.326 717.6934853506676 537.6667481825561
 0.328 716.6880348169188 536.2716552768712
 0.33 715.9460229734045 535.4270766816779
 0.332 715.2567005963828 534.3023017568009
 0.334 713.579016546143 532.1187187597114
 0.336 712.7926693739918 531.0811417099479
 0.338 711.8743389195321 529.9201111690156
 0.34 710.2057878939582 527.7081417576856
 0.342 708.6669890205004 525.6061584026501
 0.344 706.9461095063017 523.1967237285118
 0.346 706.194412612081 522.3401016043091
 0.348 704.6770189884525 520.3082666888755
 0.35 703.4172645073061 518.5151199187926
 0.352 701.9981290520603 516.5484588399406
 0.354 701.3320062422307 515.5998586336937
 0.356 700.4741854468058 514.4994843001027
 0.358 698.612237178443 511.8574146599358
 0.36 697.450799299326 509.9952000645662
 0.362 696.1176250553598 508.3981320961364
 0.364 694.6660558863178 506.5453045500996
 0.366 692.8408884897669 504.1744165932373
